EquivalentDiameters	AvgEulerAngles_0	AvgEulerAngles_1	AvgEulerAngles_2
0	0	0	0
8.058239	3.8990376	0.70229018	2.9002943
9.8369818	4.2824526	1.3188752	2.2141171
9.3048534	2.931371	1.0331606	3.4391901
9.6408758	3.0738628	0.5927282	3.6560078
14.22832	4.176825	0.70844269	2.4600253
12.047792	4.7022772	1.3865576	1.4763757
14.40618	2.1670535	0.92020011	3.5924959
11.780624	4.3788733	0.53992826	1.6513915
12.309163	5.8474946	0.80753285	0.73442191
9.2361813	6.2174592	0.34675211	5.8965411
9.3730211	3.53247	1.4194036	3.1078284
10.52482	1.0086858	1.5796624	5.382062
9.3048534	0.66532427	1.1159551	6.0670166
9.9655752	4.304904	0.45205095	2.1244876
9.7066851	4.9518414	0.3469587	1.0405654
9.166996	3.8548994	0.57992351	1.7678322
11.055813	5.3646088	0.43743974	0.52103752
15.877702	5.8012452	0.66180664	0.65851933
16.850294	1.2795836	0.63038367	4.7645054
8.6672449	4.1056681	0.41979846	2.0915699
9.7066851	6.265789	0.89966929	0.47493276
10.998079	5.1389551	0.40318984	1.2355639
16.195288	5.6014547	0.25861788	0.98323989
16.195288	0.0043057138	0.65276092	6.2384691
8.2918596	1.2479813	1.4807974	5.1849871
8.3682842	0.13668215	0.46703342	6.0801606
11.451798	4.7283697	1.0253744	1.1059928
9.4406977	0.37972328	0.50806957	5.8507085
9.5078917	2.6145928	1.4158406	3.7252293
8.2918596	2.4912972	0.152685	4.2144685
11.72646	5.5143247	0.81686705	1.4519473
13.773623	1.3533504	0.41830716	5.6871777
9.5746145	4.8021026	0.42017969	0.86998928
9.166996	2.1198239	0.50325102	3.5900159
8.740387	3.7818265	1.5272423	2.4432504
9.5078917	3.0512867	1.1149025	3.4449651
8.2147245	1.8530735	1.0329983	4.7110901
10.645108	2.5550265	0.43196723	3.9886355
9.5078917	3.8443787	1.5136786	2.7888229
8.8129225	3.344974	0.57386428	2.3418691
11.451798	0.87453175	1.5669701	5.477581
25.952721	4.0460429	0.41088352	2.4887981
8.2918596	2.0831673	1.5070196	4.6838241
11.055813	2.2221091	0.51330304	4.3540387
10.704744	2.4532552	0.1014487	3.5858374
12.153015	2.6707339	1.2008419	3.2589352
10.998079	5.4144135	0.29529557	0.28391597
9.0270329	5.3870692	0.88600069	0.92907292
15.59451	5.5138116	0.47451934	1.0515336
15.471556	5.9173279	0.42444137	6.2598467
9.3048534	3.8524115	1.2715579	2.482193
8.8129225	0.87744379	0.20800598	5.0329614
9.0972834	5.2126527	0.27956823	1.7447003
11.227231	5.1640477	1.0973951	1.3769612
8.4440165	2.1992044	0.32031769	3.4896061
9.9014874	1.8896576	0.59091532	4.060812
9.7066851	2.5803254	1.4341602	3.1906857
14.625465	4.0925603	0.61399448	2.1025112
15.797308	2.6923389	0.87664992	3.7931566
9.9655752	0.22458962	0.65738088	5.7372737
9.2361813	2.242965	0.033614863	4.3811765
10.403142	4.4355507	0.58254099	1.2919047
8.5190754	5.224658	0.49388719	1.0098968
8.2147245	1.2307495	0.98969084	5.2030721
13.634257	1.0887129	0.42481014	5.6813998
13.013103	5.6276855	0.64682609	1.1147605
15.59451	5.5709848	0.60226542	0.011486002
8.136858	4.235549	0.7916854	2.0671535
9.5746145	2.6146119	1.4161388	3.7118819
8.3682842	0.9125796	0.42304444	5.0538082
9.0972834	5.8643141	0.41958117	0.90395004
10.09253	4.2805066	0.83227003	2.2109096
9.2361813	1.4482396	0.27982289	4.5827403
8.5934801	2.1122587	1.1652731	4.4814405
10.09253	3.5921223	0.81119555	2.0785048
8.2147245	0.21821111	1.5777105	6.0935693
9.4406977	5.6055913	0.5580768	0.13683917
11.994835	3.5268846	0.52029496	3.3848965
12.716187	5.8845887	0.80624098	0.91122866
8.058239	0.13209265	1.5322207	0.14620228
11.340071	5.1224704	0.7829898	1.2582818
13.398761	5.4562335	0.21052669	1.0971903
17.371178	3.9305103	0.54249823	3.0037398
8.5934801	6.1427221	0.47255728	6.268085
12.716187	5.6024709	0.25409868	1.0293794
19.576647	2.4320362	0.78052974	3.9239211
9.8369818	1.6904491	1.0996025	4.9621816
11.113246	1.9530689	1.1928316	4.0211816
15.222668	3.9521434	0.83706605	2.2329228
8.058239	1.4457092	0.263262	5.0036211
8.058239	2.1906724	0.92015696	3.9792926
12.360774	5.5256419	0.29933992	0.40307102
8.9562321	0.14862514	0.40818802	5.5141778
7.9788456	1.1306318	0.45813289	5.6239772
12.153015	1.6908416	0.62000877	4.056457
8.740387	2.7156096	0.67469132	4.1625109
10.585135	4.363534	0.22446981	2.3075526
8.2147245	5.2350349	0.85278666	1.0035586
9.4406977	1.2147273	0.39849013	5.7283869
9.9655752	3.3502953	0.76766616	2.465816
13.587484	4.4651208	0.55305743	2.0235302
8.136858	5.234302	0.49100503	1.0025551
9.5078917	3.4628088	0.45754182	2.6665006
24.87558	4.4326978	0.40609705	2.066802
9.9655752	3.2997804	1.128139	3.4067154
10.155413	0.25869283	0.75307405	6.0407815
13.207339	5.2108145	1.1072642	1.1722718
16.155931	1.9089783	0.73844576	3.9442258
10.52482	1.0375884	0.38831165	4.6224198
9.0270329	5.7208619	1.3145753	0.097634099
12.047792	5.8987732	0.53034472	0.21947321
45.959812	5.568718	1.45508	0.60864711
8.6672449	4.2173924	0.27267337	1.8927257
29.747293	0.7873916	0.45295504	6.107511
15.222668	6.0462346	0.67478782	0.412624
11.396071	3.7113616	1.2356468	2.1039579
10.217908	2.0773363	0.60490519	4.720417
17.983404	3.5137405	0.6539169	3.2296975
15.012109	2.341599	0.40644076	4.3142738
9.5078917	5.3995581	0.8969717	0.40150276
13.68087	5.7622204	0.60773212	0.43913272
8.8129225	2.2796521	0.46702358	4.1113219
9.3730211	4.2145729	0.39150697	1.5444726
7.9788456	4.0050402	0.89550352	2.5908675
12.615663	4.1152029	0.97079533	1.6605849
8.4440165	0.1740489	0.74937135	6.1098585
17.371178	4.8738942	1.4942647	1.0425164
8.5190754	5.2182741	0.68987453	0.97822005
16.429449	3.8393812	0.88004655	1.9188393
11.055813	3.1288416	0.67072839	3.9190283
15.180789	1.3912765	0.43548813	5.4852343
14.712265	3.7158887	0.92816871	2.1288924
11.340071	1.658674	0.51118606	4.1350102
17.480774	5.0973873	0.51462382	1.5803566
10.464158	0.86525983	0.91361487	5.9376001
19.99493	5.5843945	0.67337132	1.0435755
12.815924	1.5545034	0.20756181	4.0536852
9.6408758	2.212168	1.1832988	4.3336091
11.170383	5.4815502	0.48822212	1.0176927
10.217908	2.4528515	0.60893285	4.1323276
14.40618	5.8310981	0.59963781	6.1349335
10.029253	5.8191795	0.59442949	0.38681826
8.136858	3.5548296	0.76583606	3.1933696
17.444319	5.9378381	0.38778585	0.51088053
14.048207	3.8332913	0.54863667	1.7252311
8.6672449	5.1559868	1.2829058	1.1347866
11.941643	5.5419755	0.96925211	0.7205469
10.464158	0.78691131	0.89004111	5.5119367
10.403142	3.6030974	0.33863965	2.4894373
11.283792	5.2776809	0.70927703	1.3321908
12.615663	1.5835737	0.55274224	4.2695193
11.055813	1.1474198	0.75555366	4.9125643
12.815924	0.19220726	0.74943024	5.5025907
10.09253	6.0169659	0.44745842	0.045288023
16.037281	4.9675751	0.42435533	1.8378347
17.661928	2.1218588	0.9161495	3.7991753
16.925688	3.4970787	1.0917193	2.6061289
10.704744	3.4900393	1.035354	2.3735764
17.589691	1.7369356	0.56801552	4.0892639
14.625465	5.8426867	0.68716049	0.055200003
14.969642	5.4601145	0.59127098	0.54176348
7.9788456	3.7279871	0.64247543	2.3316369
12.716187	2.5695202	0.53753173	4.3483229
11.396071	2.0418832	1.4015672	4.527987
9.5078917	4.8139205	0.83661062	1.2515591
14.538148	3.2587297	0.52566069	3.1368611
10.823032	2.7613742	0.67484105	3.4486456
8.136858	2.5556374	0.8904376	3.6975482
8.5190754	5.8273263	0.59258693	6.0802746
18.229523	3.4888251	0.73878455	3.0580611
16.076929	0.72171593	0.3475163	5.230299
9.7066851	0.15124305	0.91309929	5.9627309
14.668929	4.9874873	0.62078613	1.9616966
9.9655752	3.2017684	1.3200253	2.7041185
17.84124	0.51256245	0.92986232	5.7966337
18.609707	2.8484647	0.99455684	3.4598482
10.341766	1.058143	1.2231063	4.8005996
9.5078917	4.1626458	0.4317787	2.5577831
10.940042	5.4826074	0.89738464	0.51955736
10.029253	0.080009133	0.76527452	5.72823
8.058239	0.75768936	0.3312346	5.9847016
14.712265	4.8182659	0.7061885	1.3379097
12.815924	1.4311501	1.1773115	4.5767655
10.704744	5.3388653	0.12675487	1.3039941
11.72646	4.2138023	0.81678391	1.7672888
11.340071	0.2509129	0.60699171	5.6776681
9.8369818	1.0433522	0.5868324	4.6120911
9.7720499	0.38887185	0.68111724	5.5363445
7.9788456	5.4619341	0.66669238	1.1556073
8.4440165	5.6961875	0.34350535	0.81715935
8.4440165	4.7428398	0.65870285	2.2498517
19.149229	3.1777041	0.67800659	2.9287815
8.740387	0.51258767	0.47432542	5.2889495
14.183506	2.8627136	0.53599572	2.9787815
15.877702	0.072487257	1.2589444	6.2288594
11.396071	0.16338757	0.20276074	6.2142367
10.464158	2.0206649	0.84197462	3.8728099
8.9562321	4.5460868	1.3367318	1.8801392
13.110581	0.29210168	0.71335024	5.4671092
10.645108	1.1369432	1.4851109	5.1618586
10.940042	0.12757765	0.74814963	0.11703517
11.941643	0.48889336	1.331753	6.0435977
9.0270329	5.2735801	0.68808967	1.0927217
9.9655752	5.3297091	0.84111035	0.93537593
10.341766	2.8320262	0.77943629	3.238095
11.83454	5.7603655	1.0185258	0.52983737
9.5078917	0.91488743	0.69570935	5.8245444
10.881695	3.0374205	1.5065172	3.4878402
12.766152	3.8694997	1.2001193	2.5363839
9.5078917	5.2604356	0.59853345	1.5110632
9.7066851	3.989785	0.45377269	2.9244461
18.712051	2.2381306	0.88469875	4.0622263
8.2918596	0.18267214	0.48225039	0.0086973738
15.797308	2.6771257	0.58416957	4.0118742
8.6672449	1.9887258	0.79547924	4.1591544
11.941643	1.6729548	1.1558754	4.208549
11.170383	6.2603173	1.1054481	0.36572558
10.764051	3.0926831	0.78788203	3.4792838
11.055813	5.0849166	1.2345076	1.6918558
9.5078917	0.84802055	0.56544381	5.1626644
20.40464	6.1962366	0.25720033	5.6471229
9.166996	3.6298456	0.88878381	2.5692039
8.136858	3.0627124	1.3540764	3.2930861
9.3048534	5.1381917	0.91104919	1.6113163
14.361922	5.0794678	1.4735414	0.93021762
8.2918596	0.025593879	0.65044242	5.8088503
11.227231	1.5145411	0.15681466	4.5099955
11.780624	5.7670155	0.50058353	6.1082082
8.4440165	0.0598513	0.73890108	0.14881642
11.672045	3.0215149	0.77361703	3.6181483
16.468151	0.85682011	0.58530074	5.8720841
8.5934801	1.6965786	0.70153606	4.6562285
9.0972834	1.8690723	0.040354624	4.26267
20.310825	0.36528608	0.77353084	5.5274453
11.72646	1.7889676	0.72730148	4.1183662
11.170383	5.2865601	0.67700469	1.3043725
15.222668	5.1389141	0.68973672	1.0361503
9.3730211	3.9755125	0.65453869	2.8954456
10.029253	2.8681791	0.3852542	2.8147209
9.5746145	2.8365815	1.2419724	3.4579003
10.52482	0.21706718	0.76848823	0.15831389
11.113246	5.5239644	0.32336524	0.74748701
8.5934801	4.0317588	0.94417351	2.6198764
8.4440165	0.44301027	0.52885747	5.3359146
8.3682842	2.2654023	1.1988039	3.6926231
10.881695	0.89155889	1.0454669	5.5521622
10.155413	4.0188847	0.40932509	2.5346835
9.2361813	2.052923	0.74502909	4.85358
13.013103	1.3710605	0.47017586	4.5823288
12.91489	6.1218476	0.51838279	5.7179379
10.704744	1.0358649	0.462262	5.8197346
9.8369818	3.4572101	1.4159077	2.7655392
15.180789	2.0895219	0.98694551	4.4886708
9.5746145	0.93925869	0.64887613	4.7606292
15.347616	2.3885312	0.58266228	4.1643128
36.284016	2.1047747	0.42461029	4.815762
13.159049	2.8765938	0.20716172	3.0037313
16.312788	1.9642212	0.5902648	4.548193
9.3048534	4.3073025	0.51372689	2.1778708
12.360774	1.8015083	0.48884878	4.0179167
26.702326	3.9718792	0.43179932	2.1828778
10.881695	4.892725	0.10963921	1.281052
9.6408758	3.9624884	0.70858622	2.2212942
34.66898	2.3656969	0.59312713	4.3969584
15.756957	1.1176157	0.58055842	4.8285995
17.444319	1.0127655	1.2970556	5.4689288
8.9562321	2.6525176	0.56797814	3.7294481
10.280024	0.88220394	1.4246031	4.9899421
10.940042	4.55723	1.4146781	1.7728164
12.463355	4.348845	0.62482512	2.1123033
17.625845	2.6325746	0.54497778	4.1510396
9.7720499	0.30775931	1.0210203	0.18138447
9.0270329	2.033205	0.53428537	3.9831555
28.568279	5.4630275	0.77048373	1.2818928
11.617374	2.1426594	0.67283016	4.7966628
18.847649	2.1261132	0.62582868	3.8497725
8.6672449	0.61801183	1.0580112	6.1302314
8.8848667	2.438452	0.75043374	3.3100262
10.280024	0.51232719	0.25545362	5.2327127
8.740387	1.6131935	0.50714314	4.2018933
10.998079	0.6279878	1.2134498	5.7281904
10.029253	1.5670829	0.65593541	3.9404142
13.207339	4.1033726	0.52808923	1.5121125
15.716503	6.210937	0.6146813	5.7450471
13.398761	3.3073187	0.72800118	2.4906471
10.464158	0.57066756	1.0074211	5.6418076
9.8369818	1.2026117	0.82921976	5.2094626
13.493452	2.5270739	0.95545638	3.6680343
17.805523	6.2677226	0.54530138	5.898211
12.360774	2.9668834	0.95601314	3.2106221
11.562446	3.8337333	1.0123333	2.5494597
9.0270329	4.8817134	0.58297145	1.0501378
14.093451	0.50514746	0.85054398	5.7766709
8.136858	2.1479895	0.57187891	3.8749058
10.464158	1.4232471	0.24325722	4.6175961
9.3048534	0.41738269	1.5105201	5.8850112
11.562446	2.9057112	0.44059935	3.1487498
9.6408758	0.09567602	0.40860826	6.0058088
13.865755	6.2289848	0.22261199	0.81653887
9.0270329	0.93079072	0.49985695	4.8815517
9.9014874	5.926671	0.2956031	0.10838832
15.635281	5.8083086	1.225516	0.38395238
12.96409	5.533762	0.34361777	1.1751693
14.755472	5.2251267	0.34781298	0.43222281
10.645108	5.7216849	0.78746229	0.24850017
15.138795	6.0483313	1.5285959	6.1311889
8.136858	5.8469028	0.57044524	0.54245478
8.058239	2.5166712	0.9653874	4.1422787
15.675944	4.1050625	0.52623498	1.9497972
12.153015	1.7641597	0.66401124	5.0205202
10.09253	3.1660376	1.3714883	3.6319027
11.780624	1.0586435	0.7446866	4.9846826
8.2918596	4.6917095	0.52870142	1.6752573
10.464158	3.2385585	0.48514754	2.7307262
15.430353	2.048105	0.88536042	3.7859011
8.740387	3.3517826	1.5698171	3.0732434
8.058239	1.5985798	0.039854348	4.4188433
13.54055	5.8151889	0.60712224	0.81138313
10.998079	5.3085456	0.78617018	1.1401219
10.764051	4.1471848	0.33268937	1.8146787
8.2147245	1.4008712	0.76135463	4.9475174
8.5934801	2.6218591	0.78857577	3.4440012
9.3730211	5.1975441	0.38691008	0.66854328
9.0972834	2.3316031	0.70056164	3.2555075
8.6672449	4.5203094	0.12480006	1.7350976
13.493452	5.6870141	0.52195859	0.58546489
8.2918596	2.5208609	1.3523203	3.2610745
7.9788456	1.8541187	1.5204196	4.823081
8.2147245	5.5518746	0.67388058	1.1154581
17.297726	4.1430449	0.87476063	2.3285375
16.234549	3.8310645	0.66471457	2.7112885
9.2361813	4.4742694	0.64471281	1.9598017
19.446135	2.2637534	0.31043246	4.4629502
10.823032	3.2355506	0.38198432	2.6239359
11.562446	3.8034599	1.5446032	2.7406218
10.09253	5.4416356	0.76943946	0.68589616
11.617374	2.8755534	0.61395097	3.064981
12.565099	3.2326064	0.37197423	2.4831214
8.136858	2.7429426	0.7521435	3.0674155
8.136858	0.13290147	1.4545773	0.024605036
14.884344	3.2681217	0.7087782	3.2176166
15.756957	5.6720338	0.45231518	0.1838209
8.4440165	5.9025049	0.45225558	6.0582237
16.698486	4.6492734	1.4258922	1.4378132
8.5934801	0.68543369	0.50112396	5.9729047
13.493452	1.3089399	0.67643702	5.2830644
8.4440165	3.4983273	0.66436249	3.4105806
8.4440165	0.65988743	0.5136627	5.2564297
8.6672449	5.9301295	0.46528316	0.73826557
10.217908	1.9648757	0.51417547	4.3661857
11.562446	1.9169846	0.4719325	4.4324284
11.941643	4.7974644	0.49667722	1.1096228
12.716187	3.8509128	1.2731798	2.4822826
12.257335	1.6929679	0.6633504	5.0457435
10.403142	2.285919	0.52100819	3.877522
8.8848667	0.99749446	0.80975133	5.6877646
9.7066851	4.2155833	0.27204645	1.5890082
9.6408758	2.0714636	0.63023078	3.5267408
11.507255	5.3683023	0.49995863	0.66090137
7.9788456	3.3686373	0.27011588	2.4761262
11.941643	5.6756868	1.5624304	0.61656058
10.52482	4.4159513	0.78603303	2.3990765
12.205287	3.0450246	0.82354665	2.9407587
14.841511	2.0527372	0.42430627	4.235785
8.5190754	2.0105546	0.52272803	4.2919121
12.51433	4.2900624	1.102854	1.8152432
15.222668	0.7342217	0.32229829	5.3514032
17.407785	2.0135653	0.74833882	4.5919957
9.3048534	5.8696542	0.64748091	0.56328064
10.823032	2.6433899	0.76541501	3.444216
11.283792	2.1818495	0.51315844	4.0280542
16.622063	2.1528273	0.67153311	4.7835569
19.182446	5.7112112	0.51321298	0.53365022
12.205287	1.0516804	0.16046022	5.0348454
18.746042	1.7041476	0.4034048	3.9812551
12.815924	2.6298058	0.19596411	3.097662
16.273716	4.6130352	0.17629729	1.4399954
21.349936	2.2165439	0.60344356	3.5898221
22.95912	2.52703	1.5654098	4.0817347
8.5934801	4.8847365	0.44695455	1.9207773
12.91489	5.7679381	0.5664624	0.99597585
9.5746145	3.4277475	0.65553451	2.2185884
9.0972834	4.3271136	0.71276653	2.4442754
9.7066851	6.0795345	1.0438467	0.45562729
10.280024	5.7621789	0.38119888	0.13061602
10.464158	3.2152677	1.455034	3.4546633
10.403142	5.2756667	0.70658106	1.3333946
11.113246	4.1425853	0.49695832	2.8378658
10.940042	4.3468614	0.43297014	1.8102895
17.000748	5.5101027	0.11078566	0.55137599
8.5190754	0.12691543	0.71938705	0.40860653
11.780624	4.4787889	0.44880965	2.3628187
9.5746145	3.5429416	0.69311672	3.4911196
9.3730211	5.2132759	1.1057466	1.1691734
9.2361813	4.2064204	0.5784514	2.5361121
23.152405	4.6384177	0.61525846	1.2096462
8.5190754	2.1722171	0.71053338	4.8759875
13.013103	5.8890915	0.49057925	0.61293912
7.9788456	5.3366761	0.50089765	0.48580769
10.645108	4.1720901	0.90975565	2.3072772
12.766152	5.6135526	0.53319788	0.13900557
11.227231	4.4994793	0.77512163	1.7729604
9.7720499	3.4096134	1.1234126	3.0268717
20.498026	2.1077721	0.6376065	3.7275329
18.472363	1.0964916	0.98864329	5.2507043
8.8129225	5.4907889	0.64746755	0.23885818
11.396071	4.1968074	0.76882142	2.1858368
13.493452	4.6360793	0.20634846	0.90283746
19.5441	4.3757486	0.014984949	2.0073304
19.182446	4.7968268	0.41063631	2.1566045
11.941643	5.1916938	0.52285671	1.1457876
12.865501	0.80842501	0.4055981	6.0473185
9.8369818	0.64532542	0.71738857	5.7571678
12.153015	2.2620981	0.24231766	4.7627749
9.3048534	6.2335544	0.23923114	0.11168005
8.3682842	1.9050018	0.43323317	4.5896926
13.351163	4.2316947	0.80534357	2.0778306
11.283792	3.4538383	0.82639718	2.7933764
8.9562321	4.4683847	0.65021449	1.3789487
8.9562321	1.6946734	0.7445612	5.2623167
11.72646	3.51211	0.58162528	3.4044449
14.538148	0.46211264	0.5974828	0.11239738
12.615663	1.1083065	0.93863946	5.5577469
10.645108	3.4129353	0.5132159	2.1003144
17.038151	3.5327744	0.4593783	3.3267417
13.727325	0.70794219	0.80288774	4.8646631
8.9562321	4.6342564	0.57308334	1.3087466
8.5190754	1.3781574	1.5710701	4.9513807
10.52482	0.51182842	0.8114379	5.9357576
16.429449	2.4098928	0.79724199	4.3184924
10.704744	1.210988	0.65778387	5.0840011
33.587055	5.5683217	1.456504	0.60822654
18.712051	0.83027393	0.62165982	5.7352424
11.055813	3.198405	0.71893257	3.3256621
7.9788456	4.5039778	0.80318177	1.9327297
20.928316	1.0421842	0.40830445	5.0929546
10.52482	2.8493135	1.3750237	3.0473189
8.4440165	1.6383061	0.72614706	4.4031658
9.3048534	0.88823372	0.55628407	5.2741261
10.52482	6.0185518	0.32622489	0.78966373
11.562446	5.7038736	0.58015448	1.0742829
9.0972834	6.2739434	0.91516906	5.9714332
7.9788456	2.8076596	1.4586993	3.4404061
12.100518	2.3409369	0.84702164	3.633095
9.3048534	3.3830705	0.84525388	2.3453844
11.83454	1.2902728	0.35164326	4.3621693
10.881695	6.14257	0.41765654	5.9605608
8.2147245	1.2409364	0.81434363	5.4830546
11.113246	4.6373377	0.47630054	0.93121272
12.205287	5.2730703	0.52586472	0.54292834
10.52482	5.0929818	0.22520281	1.7124056
10.403142	1.7196064	0.46210051	4.585444
13.911592	2.1995728	0.36481169	3.6769207
10.280024	1.8160431	1.0825608	4.5728316
11.113246	1.3721927	0.66159844	4.2032127
12.96409	4.037734	0.579638	1.6298366
8.740387	1.4928682	1.1930664	4.6526909
8.8848667	1.164848	0.6188944	4.4596982
15.957691	5.3337507	0.93552297	0.70521444
13.493452	5.5510774	1.1641166	1.2220186
8.6672449	2.805553	0.73618853	3.1478567
11.72646	2.3635488	0.70235735	3.64148
12.766152	5.1974339	0.48098028	1.3332883
19.215605	4.7746787	0.76282173	1.3044406
7.9788456	5.2589154	1.5174146	0.61126941
10.940042	2.5046465	0.61860859	3.9117184
8.740387	5.7220516	0.13602893	1.0100504
8.4440165	2.8013628	0.79408503	3.9711778
9.5078917	1.4470776	0.26256901	5.0018325
8.6672449	0.4539187	0.068539567	6.1405039
9.5078917	3.359726	0.28547758	3.2856886
9.8369818	2.8937683	0.51573306	3.3233829
15.30608	2.2968643	0.24511272	4.3126798
15.347616	4.9098783	0.52099591	2.1209457
10.217908	3.0008893	1.1191941	3.7945244
9.7066851	1.0304703	0.69638598	5.6231475
8.740387	2.4056802	0.67808264	3.2125876
16.468151	3.6150556	0.59061009	2.6215167
9.8369818	3.9116576	1.1256303	1.9774864
12.100518	1.4216994	0.4393397	4.6613588
13.303394	0.16407335	0.37253782	0.033366945
13.68087	3.0159643	0.56205887	3.7354038
8.6672449	0.054882631	0.74877757	0.15665725
27.570347	3.3677967	0.47099388	2.9252338
11.994835	4.4571686	1.0191369	2.1676781
9.3048534	2.6441703	0.52585399	4.0685387
10.280024	3.6754849	0.27147174	2.4017189
11.170383	6.1339469	0.072124153	6.1527514
13.013103	0.72731495	0.73498809	4.9831643
14.668929	0.97090918	0.77557564	5.8679786
10.764051	3.3222506	1.0905143	2.7412772
11.340071	1.0058291	0.80443811	5.6814108
14.048207	3.6424787	0.72393531	2.8410723
10.217908	5.8414588	0.74758202	0.62463987
8.8129225	1.4726019	0.41987792	4.6088319
20.153496	5.6572638	0.46512377	6.2366076
9.8369818	3.0721848	0.075967528	3.4264791
8.740387	0.97254461	0.65758651	5.927927
9.166996	1.4351485	1.5200615	4.8027101
15.957691	1.9022903	0.54366463	4.3637543
10.217908	4.0402708	1.5787306	2.5501566
9.166996	5.9112859	0.26130238	1.0585998
11.340071	5.6204786	0.93165135	0.54004771
15.471556	0.072197966	1.3184055	0.44352108
8.4440165	4.1534638	0.69237918	2.1446106
10.940042	2.3718417	0.46303493	4.2887039
10.029253	0.58052874	0.87918806	5.6246071
10.464158	1.8033352	0.57824516	4.0967283
12.766152	2.8840809	0.56449664	3.9947166
12.96409	3.552243	0.68047768	2.0569403
9.5746145	2.4735734	0.46050626	3.1560192
11.055813	1.4851357	0.13590799	4.8955245
14.538148	6.2123427	0.51870561	0.7339502
9.9655752	3.3188059	1.0914218	2.7432859
15.957691	1.4912826	0.54072982	4.6095963
9.8369818	1.5970973	0.49106169	4.7444592
17.223961	2.4029598	0.47616875	4.3632751
13.493452	1.6634101	0.7687487	4.5573325
8.9562321	0.40250513	0.24292292	5.2720909
15.997536	0.3858788	0.86252588	5.5513201
10.585135	2.348304	1.2905587	4.3811941
11.055813	4.1640267	0.49092832	1.8915312
11.888212	0.30592114	0.53357983	5.8128552
18.813841	5.9709854	0.078465283	5.9957709
11.672045	1.1081352	0.48393413	5.6503487
10.217908	0.88876402	0.4443157	4.7043719
11.170383	2.3921061	0.64564043	3.7656827
10.280024	2.8176396	1.4463849	3.628592
10.881695	1.8407153	0.57144576	3.8413999
11.227231	5.3639064	0.70684344	1.4050364
12.463355	1.7865088	0.5519228	4.1235933
10.155413	5.7531695	0.66041386	1.1029063
9.5078917	5.822124	0.38446537	1.2012841
8.3682842	3.467037	0.80959892	2.410368
11.617374	0.13064197	1.2668304	6.1614103
15.716503	2.6467612	1.5286444	4.0214577
17.000748	0.51838309	0.63486993	5.7553277
10.280024	2.9913497	1.1255279	3.3457851
10.217908	1.0621821	0.89299959	5.4783912
10.998079	5.3701572	0.52871114	1.1133053
11.055813	4.1012154	0.59080714	1.746832
13.819766	4.328516	0.43603691	1.8233738
8.136858	1.6152509	1.1223973	4.2588849
11.83454	3.0640855	0.45561856	3.6625259
8.2147245	2.9863791	0.61408252	3.5541072
12.615663	0.8425824	0.67090648	6.2149677
9.6408758	3.624845	0.67588955	3.3131714
16.583719	5.316597	0.12474048	1.325556
10.823032	4.9510732	1.2637124	0.93036443
15.222668	2.1449211	0.77451658	4.1698017
17.553461	3.2361276	1.1090713	2.8091781
8.6672449	0.061541501	1.4609832	0.34061527
10.52482	2.6891367	0.68954575	2.8399115
7.9788456	3.8433545	1.2669573	2.1551886
11.617374	5.6678038	0.75915468	0.51346588
9.9014874	2.6146114	0.81525552	3.7288384
7.9788456	5.2814546	0.30019554	0.65160924
12.463355	4.129529	0.67149466	1.9070762
8.4440165	4.3189712	0.56396657	1.2180544
7.9788456	4.0565758	0.38489974	1.795628
7.9788456	3.9183583	0.91059822	2.3016508
10.029253	5.2078462	1.257033	0.98282057
13.68087	1.6453772	0.74917454	5.2771335
15.222668	0.85288221	1.1682574	5.3702726
8.2918596	3.5511646	1.291223	2.4117715
9.7720499	0.3066023	0.80073982	5.9998083
11.888212	0.44212672	0.83318967	6.0899301
9.3048534	1.9820001	1.0969255	4.4562883
9.166996	6.0763221	0.80167967	0.66095698
12.463355	4.8264318	0.51474649	1.6124319
12.51433	0.25447446	0.35354948	5.2935739
11.055813	0.59928924	1.4663275	5.6673923
13.911592	0.67584109	0.67912573	5.8959169
14.884344	1.4149053	1.1660337	4.7503948
15.471556	2.6823227	0.62208378	3.7392905
10.823032	3.6817334	0.31652367	2.5439806
8.5190754	4.18084	1.4103322	1.8460275
11.83454	5.1349845	0.40298721	1.8486376
10.029253	0.2063961	0.5056017	5.6405249
10.52482	5.516428	0.30018407	1.0033858
12.865501	5.1221485	0.49412388	0.73319989
9.8369818	4.9320865	0.46799815	1.1426303
13.398761	2.833961	1.2473848	3.4800773
13.398761	2.8986449	0.88894272	3.1354566
15.347616	2.8211167	0.62695992	3.8106329
14.668929	3.6241875	0.67347252	3.3121848
9.4406977	3.8159194	0.32044727	2.3375261
8.8129225	5.1139822	0.10285351	1.4649099
7.9788456	5.0826254	0.70724326	1.8211783
15.997536	2.9236226	0.60236108	3.4227605
9.9655752	0.0070867264	0.51890403	0.014235842
12.815924	3.5694089	1.0467565	2.6652899
13.911592	5.5194845	0.4750154	1.3943148
14.361922	3.9175892	0.6614098	3.2705154
16.774561	4.1755505	0.67630857	2.2073245
10.585135	4.2308049	0.71465743	1.9924955
9.7066851	4.4384918	0.82702786	2.0909548
9.9655752	0.24353611	0.86365294	5.4327621
8.5190754	3.4930553	0.23433994	2.3559022
8.058239	1.8693827	0.63184834	4.3996038
18.089294	3.1294858	1.5095141	2.7222297
9.0972834	5.158186	1.122489	1.4614472
12.615663	6.1320682	0.54811317	0.66453499
8.9562321	5.3440166	0.6564492	1.1298983
8.136858	4.8689895	0.36808437	0.75084865
9.8369818	1.115098	0.57076705	5.8059692
10.217908	5.5985813	1.3933614	1.1846172
9.6408758	0.37506548	0.79801154	5.4744062
8.5934801	2.4042194	0.47745228	3.3598511
11.340071	1.5945603	0.045500316	4.4211683
8.3682842	1.4950378	0.5148313	5.1997437
18.881395	1.9020978	0.49308717	5.1225071
8.6672449	4.3204746	0.070541985	1.8910851
10.155413	5.6099143	0.32048535	0.28615391
11.507255	1.7698087	0.80791456	3.9066832
13.54055	5.3859906	0.90491313	1.081339
10.341766	4.9263105	0.42787224	1.2366792
17.371178	3.5994473	0.46520999	2.9494443
10.645108	1.0732647	1.1287378	4.7635512
13.493452	5.0788646	0.54225069	1.7159969
10.09253	2.4828279	0.40771669	3.7332027
9.0972834	5.3885112	0.89633346	0.66921401
8.5190754	1.0727994	0.45993829	5.67804
8.4440165	0.32245722	0.63063663	5.9709148
11.227231	5.4610825	0.83561695	1.4005786
13.255454	4.649653	0.28256401	1.5419275
10.823032	0.51419485	0.39211825	6.0707598
8.6672449	4.6773763	0.28046069	1.6472681
15.716503	6.059845	0.62207299	5.8807397
8.9562321	6.274581	0.30824679	0.19227442
8.136858	6.104177	1.2069993	0.40174016
9.0270329	2.9945009	0.88484311	3.6780047
11.227231	2.1366918	0.41297245	4.1407037
9.3730211	5.8204579	0.60518914	6.1470733
12.463355	5.9885206	0.78561354	0.43622428
11.888212	1.6798	0.55299038	4.3286295
10.704744	0.14791673	0.51188219	5.9425626
15.59451	2.4515765	0.28751969	3.3463023
9.3048534	0.35888323	0.66537631	0.26871687
13.159049	2.4767511	0.56395781	4.2129102
10.029253	3.9029071	0.8643102	1.8902326
12.41217	5.9429388	0.51265001	0.50604367
10.52482	1.2854977	0.14393555	5.6271887
7.9788456	2.1033795	0.29552808	3.465764
9.6408758	3.6548095	0.26248771	2.4270649
13.061934	5.8075624	0.71350044	0.80167627
9.3048534	3.8660975	1.0228333	2.0655668
10.881695	4.1487188	1.1326746	2.6220505
12.96409	4.9397354	0.69653177	1.5306426
9.166996	1.6921071	1.3156548	4.5408516
9.4406977	3.3854699	1.2686268	3.1116199
9.9014874	0.14604774	0.59990132	5.5206909
17.297726	2.4939213	0.54307908	4.0363379
11.340071	5.5711451	1.0452631	0.99027956
14.712265	4.9755244	0.494104	1.509311
8.2918596	3.110038	1.2619047	3.3706057
10.764051	4.6932049	1.3733931	1.3947358
9.3048534	1.7433311	0.2587088	5.2845335
21.439203	0.22208676	0.19703302	6.1717973
8.740387	3.5736487	0.87199849	2.703706
13.351163	3.0024004	1.1197199	3.7931809
9.7066851	2.5274093	0.69553608	4.0283937
11.617374	5.5609932	1.356245	0.32751384
12.257335	5.885994	0.52569699	0.044118784
8.6672449	1.8716778	0.52561212	4.2899942
10.645108	0.16880846	1.0204666	0.039168213
15.471556	1.6086798	0.6413551	4.502955
9.4406977	0.073054016	0.51351017	5.5756803
8.5190754	0.83244318	0.63639802	5.5708594
10.704744	5.8656974	0.70008427	0.60140496
10.881695	3.0784585	0.69814169	2.7788992
19.511499	1.6471604	0.39404985	4.6052575
11.170383	2.7385991	0.57572234	2.9548607
26.099485	5.3262138	0.65264016	0.48552293
8.058239	0.062041264	0.71871871	5.5420933
11.170383	5.8440361	0.60941547	6.1942115
9.6408758	1.5432007	0.47122049	4.1775508
11.562446	1.0707107	1.1313006	4.7642884
9.166996	3.1112266	1.2398481	3.4642591
13.493452	2.0519042	0.48030347	4.2603126
17.661928	0.31727389	1.0796912	0.18853779
9.9655752	4.5761347	0.22029035	1.7182611
11.941643	3.3044274	0.449635	2.5359917
11.396071	5.0448031	0.76851737	0.75239539
13.727325	2.2548614	1.2510352	4.1459708
12.463355	2.6583121	1.3337282	3.308816
8.2918596	2.205647	1.5216867	4.0235491
9.5078917	4.90449	0.59342688	1.2972831
16.155931	6.0973649	0.79450512	0.024839751
10.940042	3.5168383	0.1981786	2.6040962
9.9014874	4.4795647	0.62730747	1.0973945
19.5441	2.6448977	0.63532877	3.7543826
9.9655752	5.0430555	0.6053254	1.2802669
10.881695	3.9186223	0.055515949	2.1756029
11.72646	5.4654183	0.36506858	1.0851372
11.72646	3.3032107	0.64076042	3.0536497
9.8369818	3.7528024	0.79863107	2.6886098
9.0270329	2.60642	0.63167626	3.6896586
10.52482	5.9871759	0.35808039	5.8322821
10.09253	0.17445782	1.2233527	6.2206235
12.047792	5.306303	0.5481233	1.3108414
9.0972834	0.70660895	0.79659259	6.0760417
9.4406977	0.88889635	0.65332234	5.061893
11.283792	1.0548102	0.59409428	4.6020837
8.3682842	3.2514601	0.28207576	2.5850518
8.136858	3.9608288	0.34957343	2.5751059
12.91489	1.5673864	0.96532536	4.989553
9.7720499	0.64757407	1.2360246	5.7222509
8.8129225	2.9447219	1.0118512	3.077816
13.351163	0.27553204	0.54286814	5.6362009
10.998079	5.9524112	0.32417133	0.96931416
14.138551	0.93117982	0.11078013	5.0998588
17.947969	2.0732534	0.17970082	3.8854425
8.3682842	1.2255104	0.51720387	5.4907117
13.013103	2.2346592	0.8600561	4.2723403
9.7066851	3.4243026	0.62301052	2.165997
10.341766	0.3470189	0.28078344	5.2969174
11.170383	3.679342	0.62088639	1.9963251
10.029253	4.9193716	0.67970049	1.0469586
11.396071	0.64737302	1.5059024	5.6098962
12.41217	3.7135804	0.34254199	1.8907721
10.029253	0.71337926	0.35303262	5.239655
9.3048534	4.4908147	0.79011077	1.9860663
9.9014874	5.173429	1.2247757	1.4430999
8.8129225	1.1730155	0.84058344	5.7331271
13.110581	0.54886734	1.2110344	5.8926954
12.91489	5.7754879	0.71509725	0.089868955
10.280024	3.0473034	0.72779202	2.7591569
8.8129225	5.6999569	0.54589504	6.1506453
8.136858	6.0036302	0.64514422	0.27161282
8.3682842	1.7543288	1.3730499	4.2007298
11.83454	2.22558	0.38826188	4.2063599
10.998079	3.0537751	1.1098481	3.4522727
10.940042	1.4323006	0.58201265	5.4205461
14.048207	2.5056787	0.92265064	4.1751957
13.110581	0.93080121	0.72864252	5.624537
7.9788456	6.1925941	0.40100846	0.76664984
8.8848667	5.260756	0.68919694	0.7387408
21.079863	3.8121033	0.89785463	1.952181
7.9788456	3.7364764	0.83836973	2.4043226
9.9655752	5.4928298	1.347028	0.38160688
13.865755	4.9905529	1.2239162	0.90287268
10.940042	4.9738541	0.42485356	1.8287321
14.581872	5.4591727	0.17842783	1.3421625
10.280024	0.8158657	0.39670691	4.7957296
12.815924	0.72988689	0.81858164	5.8660831
16.037281	2.725024	1.4866604	3.8508296
13.159049	0.37461391	0.35535941	0.37700334
8.136858	1.8543468	0.4827911	4.7118707
11.283792	0.68156302	0.88169724	5.4819045
7.9788456	0.33325928	0.70695937	0.42238057
9.8369818	6.0413342	0.51696002	0.3270545
8.6672449	5.3555651	0.17598653	0.55097777
28.590555	1.9449861	0.81862193	3.9344811
13.255454	2.8152449	0.71008384	2.9778299
8.136858	4.7030287	0.38422912	1.0638673
9.8369818	4.6828632	0.79109287	2.1225481
14.841511	0.41606137	1.0580722	5.6983976
9.0270329	2.5878813	0.83393288	3.2741151
8.058239	2.6927848	0.98707527	3.148663
12.100518	3.2792301	0.2446543	3.6494908
10.341766	4.9440956	0.79713327	0.80813849
14.317527	4.3429141	0.57901013	1.8089281
8.8129225	4.479002	0.7852698	2.2389591
8.2918596	5.4819455	0.34580591	0.033813532
10.464158	2.8123138	0.76534134	3.1248102
9.4406977	2.6082451	0.37308028	4.1480436
11.672045	2.9955964	0.306813	3.2255874
11.113246	4.8042116	0.43009648	0.86855352
9.3048534	5.7733665	0.019198759	6.198596
11.994835	5.6160631	1.2558826	0.63821834
11.83454	0.027784904	0.28734505	5.8092551
11.507255	3.9482388	0.91822088	2.3344607
12.865501	5.8059564	0.58972025	0.26187351
11.617374	4.3583841	1.2640532	1.8295199
10.585135	6.2810488	0.52129716	0.022011239
12.565099	5.5346732	0.40587127	0.63244987
13.061934	3.7433972	0.084968969	3.0953016
13.255454	3.1007364	0.46027902	3.2661109
10.155413	2.5457287	0.90374792	3.8619828
16.155931	5.8283472	1.2097926	0.38917303
10.464158	0.93298393	0.95271695	5.8134751
9.7066851	5.3490906	0.4450272	0.90810019
15.797308	1.3293672	1.4918462	4.6568995
11.227231	6.2559142	0.56403947	0.7947827
16.312788	0.94309455	0.44118634	4.9347582
11.72646	2.3962817	0.39646822	3.2270517
13.061934	2.5568233	0.41456717	4.1662564
8.2147245	1.4819795	1.1818115	4.3821144
9.5078917	0.77336162	0.98836446	5.573278
9.9014874	4.5225196	0.37395588	2.1454241
15.096684	2.6543574	0.59591526	3.5728076
16.545286	0.0072470573	1.2472606	5.9004641
10.280024	3.096231	0.63209027	2.6843581
11.780624	5.0500383	0.40727538	0.60316491
17.517155	5.6545177	0.37755114	1.1857773
16.116478	5.3106966	0.42022589	1.1702616
10.155413	4.6892257	0.62853527	1.5792252
8.4440165	0.87867218	0.26892212	6.1894169
24.618326	2.120295	0.62393725	3.856154
13.061934	5.6413717	0.92179722	1.0703614
8.8848667	1.2843221	0.5834474	5.6519141
18.541162	3.2248566	0.2013303	3.8328888
9.3730211	2.522861	0.95541644	3.6690342
11.83454	5.2939963	0.31796086	0.38969091
9.7720499	3.7797339	1.4490718	2.9427955
14.581872	3.8893473	0.93239915	2.090461
11.888212	1.7961839	0.64971083	3.7385962
10.09253	0.26687536	0.65671825	0.31416553
8.6672449	5.062746	0.08001104	1.3711863
18.915081	4.1710219	0.078058839	1.362341
15.471556	5.3929381	0.45707691	0.62981021
10.029253	3.3377094	1.3245308	3.1825411
14.093451	3.2559168	0.71448994	3.4704173
14.317527	3.1349297	1.529981	2.7726555
14.272993	5.4477491	0.73409283	0.63995451
10.341766	2.0492756	0.88298339	3.7880638
13.255454	2.2579699	0.62573808	3.733382
14.22832	1.3686175	0.73618484	5.3467693
10.341766	1.9899637	0.85831344	4.1620841
15.756957	0.22045384	0.53799653	0.11443646
8.8129225	2.6945078	1.568541	3.1216862
